Webots Project File version R2025a
perspectives: 000000ff00000000fd0000000300000000000001ca0000039ffc0200000001fb00000012005300630065006e0065005400720065006501000000000000039f000000000000000000000001000005b300000379fc0200000001fb0000001400540065007800740045006400690074006f00720000000000000003790000004500ffffff000000030000078000000210fc0100000002fb0000000e0043006f006e0073006f006c006501000001d0000005b00000000000000000fb0000001a0043006f006e0073006f006c00650041006c006c0041006c006c0100000000000007800000000000000000000000000000000000000004000000040000000100000008fc00000000
simulationViewPerspectives: 000000ff0000000100000002000001570000037a0100000002010000000101
sceneTreePerspectives: 000000ff00000001000000030000001e000001b7000001540100000002010000000201
maximizedDockId: -1
centralWidgetVisible: 0
orthographicViewHeight: 1
textFiles: 0 "../Sim/DRC_OmniWheels/controllers/Kiwi_Control/Kiwi_Control.py"
globalOptionalRendering: CoordinateSystem::JointAxes
renderingDevicePerspectives: robot:camera;0;0.25262;0.241599;0.504477
